[Boot]
version = 7.2.0
streaming frequency = 500

[TEMPLATE]
side = right
poly4 = -1
poly3 = -1
poly2 = -1
poly1 = -1
poly0 = -1

[AB1F]
side = left
poly4 = 2.58582145902513
poly3 = 16.62929058169792
poly2 = 40.65593452533537
poly1 = 46.03108471432793
poly0 = 7.549242296254922

[BB2]
side = right
poly4 = -1
poly3 = -1
poly2 = -1
poly1 = -1
poly0 = -3

