[Boot]
version = 7.2.0
streaming frequency = 500

[TEMPLATE]
side = right
poly4 = -1
poly3 = -1
poly2 = -1
poly1 = -1
poly0 = -1

[AB1F]
side = left
poly4 = 139.45214427852665
poly3 = 411.4011104492489
poly2 = 462.81346991221204
poly1 = 242.45002365516712
poly0 = 22.87232167171779

[BB2]
side = right
poly4 = -1
poly3 = -1
poly2 = -1
poly1 = -1
poly0 = -3

